1,2,3,4
0.099678,0.094596,0.10969,0.074351
0.10077,0.093518,0.11165,0.073033
0.10085,0.094233,0.11083,0.073544
0.10121,0.094438,0.11286,0.07419
0.10119,0.094785,0.11234,0.073775
0.10098,0.095341,0.11113,0.073021
0.1023,0.095818,0.11225,0.077019
0.10029,0.094476,0.11119,0.073479
0.099618,0.094366,0.11109,0.073083
0.10008,0.094593,0.1114,0.074708
0.1018,0.092701,0.11127,0.075388
0.10053,0.096195,0.11262,0.072526
0.10036,0.095339,0.11179,0.073688
0.10011,0.095921,0.1137,0.074367
0.099691,0.096063,0.11096,0.074803
0.098454,0.093728,0.10992,0.073436
0.095818,0.092668,0.10824,0.073143
0.099396,0.094996,0.11089,0.074026
0.098013,0.095491,0.11161,0.073686
0.097704,0.093788,0.1111,0.07333
0.097053,0.093481,0.11109,0.073569
0.097269,0.095469,0.11183,0.075094
0.1001,0.095294,0.11114,0.07521
0.09845,0.094819,0.11095,0.075593
0.098883,0.093955,0.1122,0.074532
0.09733,0.09554,0.11148,0.073836
0.097502,0.094714,0.11269,0.075097
0.096826,0.093696,0.11194,0.074677
0.098206,0.094759,0.11175,0.074667
0.096631,0.095135,0.11334,0.074224
0.096628,0.093198,0.11059,0.073009
0.096602,0.093672,0.11224,0.074599
0.09825,0.094797,0.11071,0.074762
0.097091,0.094226,0.11149,0.074552
0.093757,0.094612,0.11196,0.078757
0.09473,0.095169,0.11404,0.077631
0.095177,0.094644,0.1111,0.076763
0.093844,0.093891,0.11231,0.078141
0.09473,0.094933,0.11326,0.077633
0.095249,0.095078,0.11391,0.077666
0.096141,0.094313,0.1138,0.079214
0.094977,0.094896,0.11376,0.078148
0.094619,0.093466,0.11216,0.07792
0.093752,0.093742,0.11221,0.078829
0.094873,0.094297,0.11339,0.077916
0.096342,0.095392,0.11363,0.076444
0.094532,0.094258,0.11211,0.07775
0.092571,0.092812,0.11133,0.078016
0.092466,0.093067,0.10987,0.077898
0.093037,0.094085,0.11264,0.076088
0.094524,0.094484,0.11321,0.0779
0.094316,0.093022,0.1128,0.077844
0.094647,0.096866,0.11301,0.076633
0.095638,0.094603,0.11227,0.077291
0.09451,0.094461,0.11035,0.078912
0.094082,0.094688,0.11159,0.07708
0.094779,0.095979,0.11313,0.077072
0.094371,0.09589,0.1131,0.079791
0.095739,0.096205,0.11283,0.079286
0.093591,0.093578,0.11155,0.076124
0.092817,0.095044,0.11154,0.076028
0.093866,0.094517,0.11502,0.079294
0.093606,0.094007,0.11287,0.076098
0.09369,0.094211,0.11302,0.078397
0.094148,0.094003,0.11277,0.079557
0.095556,0.094311,0.11258,0.078527
0.09396,0.094753,0.11349,0.07877
0.093732,0.094912,0.11023,0.077377
0.093098,0.09371,0.11314,0.078224
0.093856,0.093659,0.11153,0.078456
0.093461,0.095143,0.11144,0.079092
0.097708,0.094684,0.11193,0.080545
0.094151,0.094771,0.11335,0.078435
0.094692,0.094157,0.11407,0.077912
0.09504,0.09407,0.11348,0.078067
0.095589,0.09491,0.1128,0.079052
0.09476,0.095436,0.11326,0.077872
0.095098,0.096073,0.11312,0.077767
0.094145,0.094007,0.11137,0.07761
0.093692,0.095027,0.11249,0.077582
0.094749,0.094912,0.11356,0.078948
0.095537,0.095123,0.11206,0.077106
0.094982,0.09452,0.11135,0.077138
0.093799,0.093495,0.11226,0.076415
0.092851,0.09404,0.11401,0.076845
0.094416,0.09381,0.11262,0.077192
0.093863,0.09311,0.11325,0.077708
0.093126,0.09389,0.11237,0.079111
0.092348,0.093448,0.11239,0.076716
0.094672,0.093962,0.1125,0.076358
0.093281,0.094128,0.11291,0.077268
0.094216,0.094107,0.11265,0.076496
0.094931,0.093994,0.11351,0.077431
0.093782,0.093892,0.11229,0.077899
0.093866,0.093436,0.11303,0.078549
0.094921,0.094261,0.11196,0.078315
0.094307,0.094043,0.11194,0.077925
0.094157,0.093771,0.11253,0.078618
0.093433,0.094947,0.11321,0.076816
0.093989,0.094616,0.11498,0.078322
0.09387,0.093827,0.11151,0.075983
0.093418,0.09452,0.11197,0.076902
0.094,0.093925,0.11123,0.077459
0.093575,0.093398,0.11247,0.077295
0.092033,0.093372,0.11018,0.076608
0.094803,0.094852,0.11167,0.07671
0.094014,0.093732,0.11293,0.075349
0.093416,0.092502,0.11172,0.076011
0.093501,0.093631,0.11259,0.076513
0.093737,0.09491,0.11137,0.077583
0.094191,0.094451,0.10988,0.077018
0.092098,0.094187,0.11263,0.077126
0.095019,0.09524,0.11162,0.078133
0.092628,0.094872,0.11268,0.078357
0.092595,0.096119,0.11068,0.079132
0.092814,0.09443,0.1127,0.078957
0.093011,0.093919,0.11196,0.078956
0.093285,0.094525,0.11143,0.080318
0.093904,0.094468,0.11143,0.078333
0.092153,0.092878,0.11193,0.07946
0.093162,0.09394,0.11112,0.081871
0.092819,0.09578,0.11124,0.078348
0.094102,0.096153,0.11206,0.078048
0.093858,0.094925,0.1137,0.077696
0.093858,0.094969,0.11183,0.078656
0.094209,0.094898,0.11218,0.079824
0.095186,0.096072,0.11326,0.077841
0.092412,0.09388,0.11207,0.078733
0.092925,0.094788,0.11315,0.078758
0.094389,0.094282,0.11128,0.078464
0.092659,0.094608,0.11212,0.078236
0.094197,0.094754,0.11307,0.078277
0.092404,0.093294,0.10921,0.079785
0.092652,0.094891,0.11242,0.079305
0.091756,0.094079,0.11183,0.079342
0.093452,0.095464,0.11251,0.078882
0.09342,0.094198,0.11249,0.080866
0.093326,0.094371,0.1108,0.07866
0.092435,0.093942,0.11149,0.077616
0.092232,0.094155,0.11065,0.078016
0.091982,0.094338,0.11212,0.077949
0.094186,0.095226,0.11274,0.078776
0.094107,0.094532,0.11285,0.079216
0.092088,0.092951,0.11173,0.078717
0.092484,0.093761,0.1117,0.077846
0.092998,0.094908,0.11293,0.079667
0.092546,0.094716,0.11193,0.078118
0.09222,0.094027,0.11297,0.079022
0.09327,0.093302,0.11355,0.079655
0.093068,0.093987,0.11325,0.080049
0.092276,0.09441,0.11487,0.079901
0.094571,0.095982,0.11277,0.078216
0.092487,0.092931,0.1116,0.078443
0.093406,0.095347,0.11151,0.079276
0.092504,0.094624,0.11237,0.079548
0.094036,0.095119,0.11113,0.079404
0.093862,0.095212,0.11378,0.080317
0.093027,0.094435,0.1117,0.080453
0.092288,0.092805,0.11226,0.07993
0.092622,0.094416,0.11411,0.079656
0.092219,0.094306,0.11114,0.08117
0.091417,0.093372,0.11288,0.080072
0.094884,0.094768,0.11473,0.080269
0.090385,0.092782,0.11047,0.080675
0.093683,0.092957,0.11248,0.081758
0.092026,0.092674,0.11105,0.079743
0.093311,0.093937,0.11158,0.081445
0.094448,0.095819,0.11241,0.081288
0.092002,0.093855,0.11138,0.080381
0.094341,0.094335,0.1116,0.079752
0.091967,0.093567,0.11043,0.0787
0.093412,0.094343,0.11085,0.0793
0.093633,0.095119,0.11164,0.080527
0.093739,0.094429,0.11268,0.079775
0.092054,0.093099,0.11176,0.078943
0.09323,0.094538,0.11197,0.080841
0.091875,0.094905,0.11324,0.080408
0.092013,0.091402,0.11019,0.080712
0.092961,0.094185,0.11192,0.079996
0.092606,0.093668,0.11108,0.081495
0.093635,0.094562,0.11232,0.080033
0.093255,0.095642,0.1116,0.079306
0.094523,0.095631,0.1136,0.081076
0.093386,0.095878,0.10971,0.08049
0.094746,0.095652,0.11154,0.080992
0.091491,0.094933,0.11043,0.079588
0.092879,0.095057,0.11227,0.078114
0.093763,0.095509,0.111,0.079573
0.09122,0.09417,0.11247,0.077704
0.093132,0.094068,0.11208,0.080131
0.092783,0.094814,0.11163,0.078561
0.092922,0.094363,0.11081,0.080171
0.092706,0.093964,0.11026,0.080591
0.093944,0.09464,0.11139,0.079774
0.093407,0.094779,0.11194,0.081943
0.093795,0.096036,0.11316,0.08054
0.093566,0.095562,0.11126,0.081152
0.093367,0.094978,0.11323,0.082692
0.092319,0.094822,0.1115,0.082105
0.094654,0.094714,0.11151,0.08123
0.094039,0.094917,0.11122,0.080815
0.093414,0.095405,0.11149,0.080549
0.092567,0.095127,0.10908,0.081935
0.09368,0.094378,0.11051,0.081796
0.091523,0.094776,0.11217,0.082404
0.092066,0.09426,0.11018,0.081786
0.091961,0.092872,0.11067,0.08253
0.094505,0.095052,0.11118,0.081524
0.092602,0.094277,0.10983,0.080661
0.093075,0.094316,0.11053,0.08118
0.092542,0.095401,0.10962,0.07984
0.092967,0.094965,0.11027,0.081408
0.092457,0.095236,0.11186,0.080903
0.091936,0.093386,0.11154,0.080648
0.091596,0.093381,0.10995,0.080733
0.093665,0.094548,0.11429,0.081914
0.092248,0.093902,0.10994,0.082433
0.089913,0.093141,0.1095,0.080718
0.093855,0.094697,0.1089,0.081796
0.093998,0.09514,0.11106,0.080618
0.092745,0.093672,0.10986,0.083685
0.091879,0.093176,0.10975,0.082193
0.092328,0.094158,0.10924,0.083757
0.092,0.092429,0.11032,0.081042
0.091514,0.093623,0.11007,0.08125
0.0923,0.094133,0.10864,0.080359
0.092489,0.093702,0.11084,0.080433
0.091786,0.093838,0.11025,0.081142
0.091817,0.094952,0.11018,0.081078
0.090084,0.092187,0.10812,0.080164
0.09116,0.093758,0.11078,0.080874
0.091682,0.093779,0.10902,0.082528
0.09098,0.093186,0.10982,0.080933
0.093329,0.093057,0.11026,0.081152
0.090596,0.092266,0.10909,0.079278
0.090383,0.093157,0.1111,0.081194
0.090661,0.091239,0.10862,0.081703
0.092151,0.093954,0.10844,0.081262
0.093356,0.094723,0.11187,0.083407
0.09263,0.094799,0.1122,0.083042
0.092048,0.094293,0.1094,0.080072
0.092601,0.093393,0.1099,0.081314
0.091945,0.093085,0.10835,0.082024
0.091786,0.094556,0.10978,0.083204
0.093485,0.095385,0.11051,0.084169
0.092177,0.093383,0.11023,0.080751
0.092546,0.093123,0.11185,0.080952
0.093684,0.093708,0.11127,0.08127
0.094247,0.093395,0.11033,0.081134
0.094262,0.094968,0.11178,0.081628
0.092201,0.094003,0.11059,0.08234
0.093087,0.093793,0.11132,0.082784
0.093102,0.094611,0.11095,0.080459
0.091433,0.091584,0.11075,0.079019
0.094356,0.094124,0.11172,0.081801
0.093038,0.093244,0.11079,0.081694
0.093439,0.091826,0.10933,0.082589
0.092695,0.093733,0.10953,0.08246
0.09376,0.094372,0.10908,0.08011
0.093631,0.09457,0.10811,0.080121
0.09535,0.093641,0.10979,0.081858
0.092825,0.093411,0.10995,0.081013
0.094541,0.095044,0.11194,0.080344
0.095557,0.094333,0.11108,0.081476
0.095565,0.094066,0.10994,0.079679
0.092243,0.093143,0.11141,0.079344
0.093988,0.093436,0.10962,0.081141
0.095351,0.094833,0.1114,0.080986
0.093984,0.092979,0.10774,0.081464
0.093771,0.094544,0.11064,0.080938
0.093665,0.093406,0.11163,0.079868
0.095107,0.095317,0.11023,0.079889
0.095125,0.095329,0.11051,0.081094
0.095094,0.093735,0.10892,0.081852
0.09422,0.093695,0.10871,0.081464
0.094221,0.093322,0.11052,0.079962
0.094612,0.094234,0.11067,0.079852
0.095171,0.094783,0.10985,0.081676
0.096339,0.094856,0.11033,0.081994
0.094965,0.092952,0.11079,0.081499
0.09616,0.093682,0.10863,0.08124
0.096239,0.094412,0.11145,0.081459
0.093878,0.093257,0.10987,0.079877
0.096978,0.094737,0.11136,0.080946
0.09707,0.095617,0.10965,0.081479
0.096218,0.09432,0.10964,0.080718
0.096432,0.094499,0.11138,0.079896
0.094111,0.09416,0.10996,0.079041
0.095763,0.095422,0.11178,0.081928
0.098003,0.093881,0.11002,0.080615
0.097637,0.095236,0.11129,0.079925
0.098072,0.096746,0.11067,0.079078
0.096463,0.095064,0.10941,0.080025
0.095077,0.09478,0.11036,0.080233
0.0968,0.0934,0.11093,0.080333
0.097905,0.094004,0.11071,0.079136
0.097897,0.093778,0.11097,0.081081
0.09814,0.094562,0.11123,0.082291
0.095203,0.092809,0.10976,0.080801
0.096911,0.093848,0.11048,0.078784
0.097369,0.094564,0.11182,0.080276
0.096786,0.094676,0.11197,0.079952
0.097534,0.094053,0.11177,0.079225
0.096657,0.094684,0.11089,0.080806
0.097226,0.094537,0.11118,0.08109
0.096366,0.095133,0.11117,0.081595
0.096457,0.094435,0.11119,0.081277
0.098841,0.095308,0.11302,0.082276
0.095859,0.092821,0.10874,0.079731
0.096395,0.093158,0.1099,0.079983
0.095174,0.094047,0.11064,0.07826
0.10628,0.091158,0.11108,0.075507
0.10636,0.09086,0.10903,0.075647
0.10818,0.090503,0.10944,0.074788
0.10928,0.09165,0.10909,0.075012
0.10612,0.089472,0.10965,0.075021
0.1073,0.091159,0.10961,0.076173
0.10736,0.089188,0.10912,0.077109
0.1073,0.091185,0.10817,0.074581
0.10893,0.090295,0.10969,0.075681
0.10863,0.091939,0.11099,0.075083
0.10837,0.090445,0.10955,0.075737
0.10876,0.0898,0.1066,0.07374
0.11394,0.089891,0.10889,0.076864
0.11462,0.091212,0.10946,0.077355
0.1154,0.090889,0.10977,0.073033
0.11417,0.08996,0.10802,0.074788
0.1162,0.092006,0.11052,0.07649
0.11607,0.091703,0.10723,0.075454
0.11543,0.091533,0.10862,0.075447
0.11742,0.091645,0.10758,0.07663
0.11553,0.089527,0.10903,0.075997
0.11528,0.090376,0.1082,0.074605
0.11455,0.089949,0.10745,0.075117
0.1148,0.09102,0.10983,0.075528
0.11443,0.090611,0.10847,0.075703
0.11244,0.090817,0.10806,0.075273
0.11281,0.090628,0.10938,0.075539
0.11258,0.089799,0.10816,0.074853
0.10045,0.09046,0.10967,0.074491
0.10324,0.09242,0.10971,0.076514
0.10063,0.090431,0.10956,0.073725
0.099107,0.08984,0.10871,0.074322
0.10035,0.091442,0.11151,0.073376
0.10234,0.090565,0.10796,0.073387
0.099368,0.090859,0.11067,0.075012
0.10059,0.090922,0.10982,0.074371
0.10111,0.091092,0.1101,0.07558
0.10097,0.090775,0.10958,0.073689
0.10144,0.09195,0.10832,0.074454
0.1013,0.090978,0.11146,0.073692
0.10161,0.091067,0.11093,0.073623
0.10054,0.092179,0.11194,0.074643
0.10161,0.091663,0.11058,0.074798
0.10076,0.091422,0.11066,0.075594
0.10059,0.091576,0.10906,0.075424
0.10169,0.092594,0.10899,0.076187
0.098195,0.090244,0.10976,0.074709
0.099246,0.092063,0.10755,0.073057
0.10137,0.090702,0.10978,0.073198
0.099757,0.0914,0.10982,0.073732
0.099997,0.090922,0.10988,0.07558
0.10144,0.091429,0.10921,0.076919
0.1011,0.09196,0.10952,0.074822
0.10046,0.091957,0.10866,0.074793
0.09938,0.090482,0.10719,0.074634
0.10159,0.093178,0.11021,0.077302
0.10036,0.092269,0.10939,0.074264
0.10167,0.092522,0.10887,0.074856
0.10193,0.091863,0.10993,0.076319
0.099525,0.091382,0.10924,0.074732
0.098365,0.091989,0.11007,0.075739
0.10023,0.091926,0.10999,0.075762
0.098896,0.091756,0.10852,0.075533
0.10151,0.092072,0.11249,0.075838
0.10128,0.092778,0.11036,0.075467
0.099945,0.091417,0.1096,0.075991
0.10143,0.092858,0.11042,0.075989
0.099589,0.091874,0.11019,0.076813
0.099498,0.091846,0.10756,0.075476
0.10095,0.093115,0.10868,0.076953
0.1008,0.094237,0.1103,0.076552
0.099605,0.092158,0.11011,0.077046
0.10286,0.093016,0.1094,0.075341
0.09991,0.092566,0.10986,0.076156
0.099728,0.092558,0.10952,0.076284
0.10145,0.091855,0.10775,0.076222
0.10035,0.092891,0.10892,0.074052
0.10092,0.092219,0.10949,0.075534
0.10001,0.092796,0.10852,0.074411
0.099197,0.091988,0.10971,0.074123
0.10036,0.091716,0.10749,0.073969
0.1011,0.092428,0.10888,0.074212
0.10152,0.094437,0.11076,0.074454
0.099698,0.091631,0.11174,0.07479
0.10007,0.092299,0.11069,0.075083
0.099946,0.09244,0.10762,0.074007
0.099862,0.092761,0.10938,0.072453
0.099655,0.091136,0.10925,0.072848
0.10166,0.09261,0.10997,0.072583
0.099826,0.09172,0.11083,0.072917
0.098378,0.091384,0.10821,0.074467
0.10002,0.091076,0.10973,0.074742
0.10002,0.092087,0.10821,0.072957
0.10175,0.092141,0.11081,0.075151
0.097788,0.090114,0.10918,0.072899
0.10055,0.091849,0.11078,0.073567
0.099867,0.090675,0.1113,0.072501
0.098754,0.091551,0.10844,0.073832
0.10042,0.092148,0.10853,0.072073
0.10001,0.091565,0.10737,0.072619
0.098667,0.090822,0.10786,0.07266
0.10196,0.092443,0.11183,0.072427
0.10089,0.093115,0.10764,0.07475
0.099979,0.091668,0.11119,0.074115
0.099756,0.091091,0.10991,0.074304
0.098735,0.09104,0.10947,0.072863
0.099762,0.091372,0.109,0.072359
0.10083,0.093291,0.10947,0.072876
0.099166,0.092589,0.11021,0.074215
0.099459,0.091624,0.10895,0.074363
0.098472,0.092375,0.10846,0.074136
0.099191,0.092686,0.10815,0.073608
0.10011,0.092727,0.10972,0.074379
0.10102,0.091515,0.11038,0.074923
0.10002,0.0921,0.10778,0.073394
0.098409,0.091689,0.10833,0.073993
0.098139,0.093039,0.10807,0.073685
0.10054,0.091633,0.10973,0.073491
0.099212,0.092208,0.1081,0.074111
0.10013,0.092561,0.11105,0.072878
0.10005,0.092012,0.11056,0.07318
0.098433,0.090932,0.10837,0.071885
0.10019,0.0928,0.11242,0.072531
0.097253,0.090488,0.10867,0.072118
0.099013,0.091572,0.10976,0.071992
0.10086,0.092435,0.11158,0.07385
0.10004,0.090611,0.11174,0.073257
0.09875,0.091599,0.1081,0.073241
0.1008,0.092342,0.11219,0.074014
0.10057,0.09243,0.11208,0.073889
0.098722,0.091255,0.10855,0.07375
0.10115,0.092085,0.11048,0.073145
0.098831,0.092099,0.10889,0.074488
0.097562,0.090159,0.11123,0.071971
0.099324,0.091763,0.10987,0.07145
0.099297,0.092094,0.11173,0.074057
0.097573,0.089989,0.10724,0.072864
0.099025,0.092496,0.10906,0.071984
0.098936,0.090794,0.1099,0.070444
0.099903,0.090986,0.10864,0.07282
0.098979,0.091664,0.10972,0.07261
0.098859,0.090785,0.10779,0.070852
0.097238,0.090931,0.10893,0.071616
0.099272,0.092904,0.10906,0.072457
0.097885,0.091083,0.10861,0.072136
0.098233,0.092682,0.109,0.072994
0.098633,0.092574,0.10815,0.073696
0.10061,0.093011,0.11057,0.071615
0.098781,0.091416,0.11,0.072037
0.099776,0.090847,0.10849,0.072693
0.10033,0.092281,0.1106,0.072808
0.098639,0.092396,0.1101,0.071147
0.099316,0.090364,0.10811,0.072083
0.098743,0.090989,0.10931,0.073786
0.099107,0.091563,0.10783,0.073231
0.099345,0.092747,0.10904,0.071559
0.099478,0.090402,0.11049,0.072341
0.097556,0.090879,0.10885,0.081484
0.099116,0.091767,0.10879,0.089876
0.098982,0.09111,0.10995,0.071963
0.098475,0.091009,0.10933,0.070868
0.097812,0.090057,0.11011,0.07259
0.098455,0.089126,0.10912,0.072412
0.097667,0.089979,0.10998,0.071489
0.09776,0.091389,0.10877,0.074084
0.099191,0.091956,0.11057,0.072941
0.097316,0.091442,0.11029,0.070932
0.098393,0.092548,0.11127,0.073535
0.099184,0.092414,0.10898,0.073908
0.09816,0.092128,0.11118,0.072147
0.099625,0.091898,0.11074,0.072298
0.097671,0.091706,0.11029,0.071642
0.098213,0.091656,0.10829,0.071751
0.097109,0.091958,0.10631,0.072198
0.098175,0.09141,0.10864,0.072524
0.097643,0.090264,0.10776,0.07208
0.09817,0.090689,0.10748,0.072427
0.097804,0.090987,0.10844,0.072745
0.09919,0.091145,0.10987,0.071075
0.095663,0.091298,0.10847,0.072948
0.10027,0.092084,0.11071,0.073919
0.099732,0.091084,0.10904,0.072149
0.098579,0.091002,0.11012,0.072008
0.09785,0.090905,0.10741,0.072549
0.098714,0.091537,0.10733,0.072823
0.10012,0.091601,0.10894,0.07423
0.098753,0.091475,0.10965,0.073356
0.10036,0.093158,0.11034,0.072066
0.097855,0.092045,0.11073,0.072063
0.097989,0.090885,0.10922,0.073651
0.098624,0.090501,0.1089,0.073423
0.098895,0.091604,0.11169,0.075115
0.099628,0.091397,0.11051,0.074554
0.10011,0.092342,0.11069,0.073544
0.09853,0.090537,0.10927,0.072011
0.098193,0.090761,0.10882,0.071768
0.098911,0.090867,0.10994,0.072697
0.099925,0.092054,0.11143,0.072928
0.10098,0.091941,0.11173,0.07445
0.099505,0.091526,0.11032,0.073028
0.10034,0.092847,0.10803,0.073711
0.098783,0.092574,0.10889,0.073537
0.099811,0.091079,0.10825,0.075211
0.098586,0.090733,0.11014,0.073097
0.09876,0.092695,0.11103,0.07607
0.097646,0.092007,0.11009,0.072325
0.099633,0.091557,0.11086,0.07429
0.10025,0.093407,0.11096,0.074601
0.099788,0.092436,0.11099,0.073324
0.099332,0.090595,0.1095,0.075273
0.10116,0.09218,0.10875,0.073389
0.099504,0.092866,0.10843,0.073568
0.10059,0.090781,0.11196,0.073404
0.099451,0.091409,0.11077,0.074898
0.10104,0.092617,0.1093,0.075407
0.099265,0.091548,0.10956,0.073258
0.10104,0.093579,0.11229,0.075702
0.10114,0.09267,0.11031,0.073256
0.099732,0.091288,0.10829,0.072836
0.099835,0.091861,0.10967,0.073105
0.099231,0.091478,0.10975,0.074498
0.099999,0.091671,0.10797,0.074129
0.10016,0.091059,0.11037,0.072923
0.098926,0.091488,0.11277,0.07366
0.099411,0.092467,0.10943,0.072608
0.097622,0.090658,0.10803,0.073073
0.099091,0.091936,0.109,0.073713
0.099433,0.092217,0.11083,0.07572
0.10122,0.091941,0.11281,0.075283
0.098536,0.090286,0.10829,0.073432
0.10021,0.091907,0.10701,0.0731
0.098853,0.090481,0.11082,0.072832
0.099207,0.091326,0.11232,0.072536
0.099895,0.092356,0.1093,0.072917
0.10002,0.09158,0.11011,0.072811
0.1009,0.092986,0.11255,0.073867
0.098528,0.090867,0.11029,0.072647
0.10031,0.090901,0.11049,0.071349
0.097712,0.09034,0.10888,0.072596
0.1002,0.091048,0.10912,0.073843
0.098923,0.090209,0.10883,0.073666
0.098718,0.089479,0.11171,0.072493
0.099682,0.090602,0.11054,0.072677
0.10042,0.090449,0.11064,0.072416
0.098308,0.091265,0.11014,0.070965
0.098719,0.090799,0.11048,0.072475
0.098481,0.089721,0.11157,0.072466
0.0978,0.09019,0.10802,0.074013
0.10016,0.090455,0.10923,0.073444
0.098353,0.091306,0.10882,0.072531
0.09759,0.091029,0.10836,0.072699
0.10072,0.090467,0.11025,0.073648
0.10041,0.091727,0.11015,0.072937
0.098301,0.090792,0.10881,0.074775
0.10027,0.090982,0.10903,0.073681
0.098505,0.089253,0.10767,0.07332
0.097792,0.091003,0.10895,0.072409
0.10014,0.090955,0.10857,0.073475
0.099765,0.091002,0.1089,0.072736
0.099809,0.091045,0.10868,0.07291
0.09875,0.090385,0.1084,0.073432
0.09956,0.090031,0.10935,0.073747
0.10014,0.091416,0.11037,0.07407
0.099693,0.09085,0.11025,0.072462
0.10105,0.089836,0.1086,0.073655
0.099653,0.090103,0.10975,0.074024
0.099782,0.09121,0.1091,0.071942
0.099215,0.090456,0.10974,0.071753
0.098489,0.090975,0.10736,0.072135
0.10276,0.091071,0.11059,0.074818
0.10064,0.091618,0.11049,0.07208
0.10047,0.091939,0.11089,0.073139
0.098076,0.09018,0.10962,0.072478
0.099579,0.089503,0.11181,0.073537
0.09992,0.088723,0.10844,0.072793
0.10168,0.090033,0.10881,0.072853
0.099152,0.089628,0.10972,0.072243
0.1006,0.091617,0.10839,0.073837
0.10056,0.091812,0.11053,0.073628
0.10124,0.09063,0.11055,0.073235
0.10068,0.091251,0.10794,0.072881
0.10121,0.089791,0.11236,0.072338
0.10068,0.090582,0.10886,0.072828
0.10121,0.091436,0.11009,0.073807
0.10115,0.091713,0.11226,0.071908
0.101,0.092166,0.10933,0.073819
0.099297,0.090981,0.11132,0.073012
0.10106,0.091694,0.10853,0.073056
0.10144,0.091638,0.11016,0.072561
0.098985,0.089848,0.11239,0.072686
0.10181,0.092528,0.11216,0.072905
0.1012,0.091679,0.10722,0.072783
0.10199,0.09133,0.11256,0.073658
0.10175,0.09056,0.1093,0.073561
0.10222,0.0912,0.11029,0.072995
0.10118,0.090992,0.10813,0.072684
0.10002,0.091459,0.11037,0.072247
0.10037,0.091608,0.10864,0.073631
0.10085,0.090571,0.10971,0.07309
0.099096,0.090341,0.11099,0.071214
0.098134,0.090303,0.10946,0.072944
0.098097,0.089479,0.10852,0.073077
0.10036,0.091996,0.10916,0.072779
0.099716,0.092611,0.11263,0.071247
0.099861,0.092174,0.11096,0.073116
0.098782,0.090923,0.11112,0.072431
0.10105,0.091461,0.10987,0.0741
0.10226,0.092107,0.10963,0.072398
0.10078,0.093191,0.11055,0.07132
0.10089,0.091162,0.10839,0.072553
0.1008,0.091883,0.1107,0.074703
0.10072,0.091283,0.11141,0.07257
0.098909,0.089775,0.1098,0.072217
0.10081,0.091247,0.109,0.072222
0.10173,0.09189,0.11101,0.074808
0.099954,0.091078,0.11164,0.071567
0.10133,0.091544,0.11032,0.072329
0.10172,0.090637,0.10867,0.072372
0.098711,0.09064,0.11069,0.071005
0.098836,0.089688,0.11181,0.071555
0.10128,0.091786,0.1095,0.071476
0.10259,0.091488,0.1132,0.072018
0.10041,0.090478,0.11167,0.071011
0.10091,0.092069,0.10867,0.07009
0.10028,0.090683,0.11047,0.069859
0.10006,0.090992,0.11173,0.068137
0.1028,0.092699,0.11053,0.071992
0.099239,0.090803,0.11208,0.070548
0.10175,0.091386,0.10814,0.073511
0.09943,0.091694,0.10837,0.072055
0.10046,0.092006,0.10893,0.070905
0.10039,0.090731,0.11193,0.070025
0.10101,0.091859,0.11087,0.069488
0.099874,0.090219,0.11157,0.069759
0.10214,0.090936,0.11071,0.072465
0.1016,0.090617,0.11073,0.071136
0.10044,0.091439,0.1101,0.069787
0.10183,0.090749,0.11008,0.07064
0.10179,0.092105,0.11291,0.072335
0.10338,0.092501,0.1099,0.069766
0.10327,0.092103,0.11529,0.071909
0.10333,0.092583,0.10951,0.073258
0.10197,0.091607,0.113,0.072297
0.102,0.090062,0.1107,0.071954
0.10019,0.091381,0.1121,0.071066
0.10192,0.090477,0.11242,0.072111
0.10128,0.091674,0.10917,0.071732
0.10095,0.090794,0.10969,0.072466
0.10158,0.093315,0.11046,0.072049
0.10227,0.092469,0.11089,0.073908
0.10238,0.093845,0.11048,0.073253
0.10293,0.091073,0.10962,0.07132
0.1003,0.091354,0.11006,0.070985
0.10071,0.092142,0.1113,0.071523
0.10143,0.091664,0.11033,0.069684
0.10024,0.091631,0.11052,0.070299
0.099592,0.090529,0.11021,0.072904
0.099966,0.092449,0.11031,0.072846
0.099635,0.090694,0.11082,0.072673
0.1023,0.092889,0.10939,0.074742
0.10066,0.09294,0.11113,0.073515
0.10037,0.092826,0.11018,0.073227
0.10026,0.091584,0.11032,0.072804
0.098595,0.091727,0.10878,0.070993
0.1014,0.092129,0.112,0.071924
0.10164,0.091728,0.11105,0.072909
0.10146,0.091809,0.10978,0.072083
0.10189,0.092835,0.10905,0.071691
0.1001,0.092467,0.11139,0.074879
0.10145,0.092713,0.11086,0.073246
0.098611,0.089638,0.11174,0.071024
0.1006,0.091986,0.10916,0.073345
0.098722,0.090361,0.10857,0.072269
0.10026,0.090986,0.10748,0.073561
0.10019,0.091503,0.11027,0.075355
0.10149,0.092278,0.11076,0.074903
0.10005,0.091345,0.10883,0.074155
0.099168,0.091483,0.1093,0.07404
0.099318,0.090571,0.10837,0.073135
0.098722,0.091687,0.10612,0.07405
0.10056,0.091924,0.10772,0.074555
0.096959,0.09078,0.11341,0.069562
0.095979,0.089544,0.11102,0.068147
0.096677,0.089606,0.11323,0.070919
0.097955,0.090441,0.11227,0.069403
0.098189,0.089813,0.11261,0.068762
0.098521,0.089317,0.11112,0.069297
0.09797,0.089982,0.11213,0.069521
0.099334,0.089856,0.1118,0.072493
0.098063,0.091486,0.11126,0.069946
0.099618,0.091715,0.11591,0.070564
0.099475,0.092418,0.11264,0.071485
0.09846,0.089735,0.11302,0.072431
0.098444,0.09198,0.11244,0.072292
0.098709,0.09173,0.11386,0.071817
0.097816,0.092915,0.11429,0.072643
0.097584,0.091389,0.11572,0.072494
0.097648,0.091163,0.11378,0.071494
0.097285,0.092476,0.11375,0.072315
0.098416,0.092881,0.11459,0.072182
0.10069,0.091407,0.11543,0.073986
0.097563,0.090518,0.11324,0.072273
0.098618,0.090272,0.1146,0.070721
0.098414,0.090316,0.11564,0.071207
0.098275,0.090478,0.11471,0.071541
0.098896,0.091164,0.11593,0.072469
0.099678,0.091755,0.11191,0.069984
0.098777,0.090987,0.11578,0.070973
0.099422,0.08981,0.11827,0.068966
0.10149,0.09135,0.114,0.070338
0.097838,0.092197,0.11417,0.07154
0.098134,0.092191,0.11127,0.072787
0.098016,0.091903,0.11272,0.071798
0.096576,0.090822,0.10859,0.073337
0.097197,0.091408,0.1137,0.071435
0.098183,0.093063,0.11064,0.074305
0.099001,0.092286,0.11135,0.073188
0.098676,0.091435,0.11044,0.07273
0.098444,0.093124,0.11305,0.072713
0.099553,0.092792,0.11105,0.075143
0.097393,0.09125,0.1136,0.074127
0.09736,0.09267,0.11168,0.075879
0.097625,0.091956,0.11099,0.073478
0.10018,0.093186,0.11179,0.073528
0.09714,0.091425,0.10977,0.073629
0.096816,0.091902,0.10908,0.074648
0.10004,0.09066,0.11183,0.073427
0.1005,0.09252,0.11212,0.077002
0.099384,0.092078,0.11401,0.073832
0.098905,0.093904,0.11199,0.074871
0.096805,0.091877,0.11192,0.074584
0.10054,0.091046,0.11209,0.076614
0.097569,0.092272,0.11178,0.073381
0.099094,0.092762,0.11288,0.073737
0.097367,0.093287,0.11757,0.074489
0.099829,0.091497,0.11044,0.074618
0.09937,0.092872,0.11305,0.074021
0.098697,0.092057,0.11142,0.074567
0.099985,0.091645,0.11245,0.073538
0.097882,0.090682,0.11321,0.073951
0.099792,0.092571,0.11419,0.073811
0.098434,0.091611,0.11199,0.073846
0.096467,0.090446,0.1112,0.075235
0.098297,0.092054,0.11082,0.07534
0.098796,0.090616,0.11277,0.073694
0.098722,0.093603,0.11314,0.073907
0.098129,0.094073,0.11467,0.074562
0.099713,0.092491,0.11208,0.073008
0.097322,0.091011,0.1121,0.072753
0.096813,0.091323,0.11351,0.072501
0.098916,0.091672,0.10984,0.073996
0.099926,0.092065,0.11148,0.074612
0.097988,0.092439,0.11454,0.075649
0.098609,0.092025,0.1125,0.07583
0.098895,0.09254,0.11368,0.074781
0.098935,0.093042,0.11348,0.073997
0.098135,0.091698,0.11385,0.075266
0.097767,0.091176,0.11438,0.073243
0.097946,0.093356,0.11653,0.074431
0.099462,0.09272,0.11318,0.073523
0.10108,0.093751,0.11584,0.076143
0.099939,0.093457,0.1154,0.075019
0.099993,0.093749,0.11467,0.074127
0.096771,0.09108,0.11352,0.072994
0.099412,0.093727,0.1126,0.073855
0.097888,0.092303,0.11171,0.076651
0.096921,0.093039,0.11088,0.074685
0.10102,0.092031,0.11459,0.075493
0.09787,0.093457,0.11505,0.074487
0.097916,0.094525,0.1125,0.075133
0.099064,0.094151,0.11442,0.076343
0.099019,0.091358,0.11435,0.074492
0.097855,0.093058,0.11196,0.075823
0.097327,0.092325,0.11391,0.073101
0.099317,0.09298,0.11322,0.075518
0.096694,0.092489,0.11482,0.073409
0.10036,0.093044,0.11725,0.074922
0.097414,0.092147,0.11336,0.072969
0.097016,0.09144,0.11612,0.07432
0.098432,0.093167,0.11422,0.075521
0.098603,0.092399,0.11297,0.073829
0.098971,0.091148,0.11474,0.072284
0.098509,0.092114,0.11327,0.07291
0.097608,0.091839,0.11181,0.07485
0.09827,0.093398,0.11558,0.073112
0.097934,0.093812,0.11112,0.075921
0.099447,0.092394,0.11497,0.073568
0.096837,0.091971,0.11088,0.075233
0.099258,0.091831,0.10891,0.073004
0.096492,0.091431,0.11193,0.073418
0.096263,0.090803,0.11467,0.072112
0.097502,0.091907,0.1113,0.072136
0.098196,0.092904,0.11091,0.072375
0.097395,0.093206,0.11081,0.071991
0.097373,0.091029,0.11151,0.072768
0.096705,0.091766,0.1148,0.072926
0.097366,0.09168,0.11238,0.071594
0.099699,0.092055,0.11465,0.073049
0.098903,0.091088,0.1116,0.072484
0.097966,0.092588,0.1161,0.072215
0.096858,0.090902,0.1133,0.073068
0.097214,0.092166,0.11336,0.072281
0.097264,0.091425,0.11248,0.070325
0.099937,0.092422,0.11228,0.072824
0.097459,0.091646,0.11367,0.071266
0.097456,0.091925,0.11649,0.070844
0.1,0.092661,0.11424,0.070751
0.099901,0.091876,0.11391,0.071443
0.097701,0.091201,0.11081,0.070682
0.10041,0.091276,0.11131,0.0705
0.099571,0.091941,0.11546,0.074078
0.097187,0.090648,0.11083,0.068843
0.098242,0.090851,0.11261,0.075016
0.098951,0.092664,0.11577,0.072106
0.096238,0.088946,0.11172,0.070554
0.096458,0.090147,0.1145,0.072071
0.09698,0.090675,0.11275,0.070482
0.097954,0.090809,0.1133,0.070755
0.09877,0.091177,0.11505,0.071275
0.09653,0.090737,0.11208,0.071526
0.098385,0.090517,0.11422,0.07131
0.097274,0.090964,0.11258,0.071431
0.098064,0.091273,0.11471,0.070936
0.097344,0.091226,0.11079,0.07261
0.097317,0.091856,0.11264,0.071092
0.09706,0.090806,0.11264,0.071305
0.097926,0.091015,0.11286,0.073963
0.096616,0.091599,0.11008,0.072598
0.097565,0.091943,0.11468,0.074925
0.09871,0.092149,0.11046,0.075202
0.097265,0.092655,0.11106,0.074377
0.098145,0.093032,0.11263,0.072383
0.09827,0.092332,0.11389,0.073364
0.098997,0.092623,0.11374,0.075328
0.099605,0.093854,0.111,0.075243
0.097697,0.093043,0.11153,0.072883
0.098921,0.091481,0.11292,0.075601
0.097251,0.092403,0.11333,0.073219
0.099803,0.09279,0.11478,0.074179
0.09735,0.091571,0.11629,0.073602
0.098058,0.09297,0.11202,0.074211
0.097473,0.091749,0.11452,0.074705
0.097199,0.092275,0.11404,0.073022
0.096074,0.090231,0.1091,0.07262
0.09865,0.092281,0.11302,0.072883
0.097836,0.092818,0.11016,0.072258
0.095889,0.091327,0.11223,0.073196
0.097804,0.092468,0.11081,0.072708
0.098465,0.093527,0.11225,0.074434
0.095823,0.090766,0.10929,0.073219
0.097478,0.092292,0.11476,0.073855
0.097802,0.092825,0.11188,0.074781
0.097357,0.092478,0.11321,0.074414
0.097832,0.092211,0.11371,0.073414
0.097992,0.092357,0.11059,0.074429
0.099381,0.092555,0.11131,0.074573
0.096729,0.091327,0.10918,0.073367
0.097045,0.090648,0.11281,0.074317
0.096024,0.093286,0.11064,0.072454
0.096752,0.092161,0.11188,0.073432
0.097305,0.092321,0.11224,0.07402
0.09851,0.093292,0.11234,0.073295
0.097449,0.091937,0.11412,0.073004
0.096814,0.092537,0.11169,0.074988
0.095522,0.090688,0.11217,0.072856
0.097644,0.092225,0.11231,0.072198
0.098626,0.092869,0.11423,0.073804
0.098661,0.092734,0.11137,0.074282
0.097801,0.093044,0.11519,0.074204
0.096824,0.091793,0.10973,0.07357
0.097393,0.091819,0.10958,0.074513
0.098382,0.092688,0.1141,0.072948
0.097504,0.091662,0.11155,0.072242
0.09574,0.09156,0.11285,0.073093
0.096566,0.090973,0.11311,0.074376
0.097529,0.091986,0.112,0.072322
0.098563,0.092918,0.11289,0.073437
0.098624,0.09161,0.11037,0.072846
0.098978,0.093114,0.11119,0.074181
0.097547,0.091445,0.11412,0.074264
0.098088,0.092128,0.11331,0.07342
0.097331,0.092213,0.11489,0.071736
0.096971,0.092812,0.11401,0.072695
0.09811,0.093145,0.11533,0.072604
0.097043,0.094049,0.11521,0.074575
0.097759,0.093555,0.11305,0.072752
0.096674,0.091132,0.11327,0.073522
0.097169,0.092482,0.11412,0.07262
0.097335,0.091979,0.11195,0.074622
0.096408,0.09172,0.11261,0.072597
0.095687,0.090256,0.11074,0.073325
0.097539,0.092142,0.11514,0.073813
0.097709,0.091174,0.11136,0.071297
0.097322,0.092145,0.11381,0.073089
0.096985,0.092623,0.11343,0.073221
0.095944,0.090891,0.11144,0.072126
0.097497,0.092332,0.1109,0.07225
0.0979,0.093666,0.11076,0.073297
0.096291,0.093538,0.11241,0.07193
0.096211,0.09294,0.11391,0.073177
0.097605,0.092494,0.11474,0.074858
0.095552,0.090168,0.11433,0.074282
0.098627,0.093461,0.11287,0.072515
0.098139,0.093311,0.11624,0.073411
0.098643,0.092616,0.1103,0.073411
0.097064,0.093146,0.11195,0.073923
0.096964,0.092628,0.11111,0.073515
0.097461,0.091571,0.11054,0.073872
0.09681,0.092706,0.11221,0.072272
0.095986,0.091133,0.11161,0.075272
0.096261,0.09208,0.11185,0.07351
0.097747,0.092765,0.11194,0.073802
0.097164,0.091645,0.11088,0.073055
0.098406,0.09154,0.11267,0.072645
0.097373,0.093045,0.11406,0.073288
0.10013,0.094181,0.11292,0.074115
0.098079,0.092311,0.11281,0.072618
0.099436,0.092558,0.11026,0.073178
0.099091,0.095092,0.11592,0.074535
0.098733,0.092322,0.11219,0.073775
0.099569,0.09347,0.11284,0.073101
0.099179,0.093374,0.11418,0.072782
0.098561,0.093321,0.11758,0.074481
0.099369,0.093382,0.11677,0.073747
0.097937,0.091417,0.11049,0.072694
0.10015,0.093975,0.11587,0.07467
0.097753,0.09217,0.11378,0.072563
0.098254,0.092378,0.11016,0.074622
0.096483,0.09141,0.11222,0.072783
0.097167,0.09139,0.11549,0.073758
0.097775,0.092648,0.1096,0.074049
0.099547,0.093707,0.11479,0.07418
0.098513,0.092726,0.11334,0.074598
0.097412,0.092726,0.11552,0.073282
0.096307,0.090809,0.11037,0.074305
0.097493,0.091651,0.11105,0.074942
0.098484,0.093566,0.11492,0.074669
0.098785,0.092733,0.11091,0.074702
0.098194,0.093276,0.11591,0.074005
0.098489,0.093056,0.11448,0.07319
0.098868,0.093947,0.11644,0.07495
0.098146,0.093508,0.11407,0.073235
0.097827,0.092781,0.11326,0.076307
0.097884,0.09227,0.11343,0.074066
0.097816,0.093245,0.11187,0.074194
0.097456,0.092208,0.11227,0.074568
0.097025,0.091521,0.11427,0.073397
0.098835,0.092037,0.11532,0.074734
0.096588,0.092001,0.11316,0.073182
0.099235,0.093059,0.11431,0.073681
0.099821,0.092391,0.11321,0.074577
0.097437,0.091377,0.11596,0.071793
0.097908,0.092312,0.11572,0.074074
0.097612,0.093551,0.11506,0.071175
0.097733,0.091732,0.112,0.072707
0.098719,0.092833,0.11577,0.073617
0.099295,0.093216,0.11732,0.072795
0.097081,0.090323,0.11513,0.072053
0.097762,0.092364,0.11391,0.071734
0.09859,0.091905,0.11268,0.072179
0.098675,0.092039,0.11386,0.071773
0.097751,0.09117,0.11633,0.071168
0.098011,0.090921,0.11342,0.071601
0.098157,0.091001,0.11558,0.071543
0.095475,0.090131,0.11312,0.071808
0.099207,0.092624,0.11417,0.072153
0.098531,0.092198,0.11186,0.073879
0.098752,0.092344,0.11445,0.073536
0.09834,0.092274,0.11589,0.071923
0.098489,0.091885,0.11322,0.071854
0.097364,0.091253,0.11462,0.073415
0.097775,0.092668,0.11127,0.072172
0.099195,0.092317,0.11392,0.073654
0.098343,0.091561,0.11333,0.072413
0.097203,0.090454,0.11089,0.07232
0.097459,0.09134,0.11569,0.074546
0.098312,0.091302,0.1155,0.074517
0.097721,0.090978,0.11195,0.072736
0.098097,0.0911,0.11524,0.074144
0.098806,0.091164,0.11427,0.071263
0.098813,0.091772,0.11325,0.072441
0.0981,0.090498,0.11713,0.07174
0.099297,0.091,0.1172,0.07202
0.096366,0.091054,0.11568,0.071442
0.097038,0.090466,0.11359,0.072037
0.097552,0.089772,0.11513,0.070946
0.098295,0.090977,0.11201,0.070874
0.097463,0.092102,0.1152,0.072587
0.097195,0.092626,0.11445,0.072722
0.099541,0.092221,0.11551,0.073645
0.097856,0.092211,0.11369,0.073746
0.10014,0.093481,0.11395,0.074724
0.09691,0.092115,0.11457,0.075022
0.099328,0.091832,0.11439,0.075283
0.097752,0.092243,0.11478,0.076159
0.099029,0.09195,0.11169,0.077758
0.096829,0.091846,0.11233,0.075326
0.096479,0.090883,0.11396,0.074766
0.099177,0.092611,0.11256,0.076251
0.098113,0.092752,0.11153,0.074674
0.097559,0.091914,0.11406,0.076807
0.097147,0.090264,0.11221,0.075874
0.096948,0.092624,0.11005,0.074884
0.096309,0.091897,0.11552,0.073567
0.096011,0.092326,0.11351,0.073889
0.096725,0.091323,0.11467,0.072561
0.098534,0.092507,0.11749,0.073263
0.098338,0.092575,0.10954,0.075326
0.098028,0.091942,0.11229,0.075749
0.098875,0.093201,0.10828,0.075953
0.098589,0.092651,0.11115,0.075966
0.09974,0.093021,0.10914,0.077155
0.098461,0.091416,0.11148,0.076141
0.098951,0.092877,0.10968,0.074385
0.09862,0.091248,0.11023,0.074605
0.098419,0.091261,0.11081,0.073886
0.099834,0.092526,0.11234,0.072874
0.098432,0.090405,0.11102,0.072308
0.097023,0.09104,0.11063,0.073518
0.097726,0.091793,0.10848,0.072641
0.096777,0.092514,0.10875,0.073178
0.098335,0.092106,0.10928,0.07348
0.096136,0.090411,0.11177,0.073843
0.09605,0.0912,0.10936,0.072132
0.096994,0.091616,0.11454,0.081678
0.098873,0.09307,0.10888,0.082982
0.09843,0.093176,0.10953,0.082106
0.099617,0.093782,0.10966,0.079841
0.097724,0.092816,0.1114,0.08162
0.09618,0.092225,0.11178,0.081884
0.096641,0.093245,0.11234,0.082631
0.097808,0.092123,0.11171,0.078947
0.098297,0.093169,0.11412,0.077864
0.098968,0.09174,0.11317,0.080465
0.097697,0.092286,0.11226,0.079197
0.098938,0.091471,0.11212,0.078781
0.098619,0.09166,0.11433,0.081921
0.099971,0.091499,0.1144,0.079834
0.098209,0.09207,0.11272,0.082283
0.098366,0.092882,0.11121,0.080979
0.10057,0.092597,0.11471,0.082252
0.09958,0.092475,0.11508,0.080702
0.099631,0.09182,0.11547,0.081662
0.10208,0.092416,0.11669,0.082052
0.10104,0.091896,0.11235,0.080835
0.098291,0.089664,0.11276,0.078638
0.10121,0.091664,0.11293,0.08134
0.097514,0.091581,0.11053,0.080867
0.098656,0.092786,0.11209,0.082039
0.1017,0.093154,0.1132,0.08157
0.099719,0.091629,0.11237,0.082442
0.10032,0.092526,0.11098,0.080325
0.098111,0.091625,0.11239,0.081096
0.097498,0.091322,0.11154,0.079355
0.097392,0.092737,0.11254,0.080883
0.097534,0.091587,0.11537,0.08057
0.096789,0.090734,0.11494,0.079479
0.10002,0.090605,0.11391,0.078804
0.10083,0.092491,0.11967,0.080178
0.10029,0.092589,0.1133,0.082182
0.099054,0.092986,0.1142,0.081018
0.098828,0.091593,0.11634,0.079949
0.096665,0.091461,0.11094,0.079428
0.098766,0.092318,0.11521,0.080618
0.099365,0.092365,0.11096,0.080652
0.099275,0.09311,0.11293,0.08371
0.099293,0.093794,0.11072,0.084323
0.099,0.094501,0.11332,0.086214
0.09748,0.092237,0.11157,0.083422
0.097163,0.092005,0.11055,0.082277
0.097236,0.091634,0.10917,0.086428
0.096906,0.093987,0.11272,0.083275
0.097822,0.092814,0.10972,0.084741
0.099521,0.094376,0.11165,0.085183
0.097469,0.092919,0.11023,0.083804
0.098345,0.09235,0.11165,0.085266
0.098523,0.092579,0.11218,0.083325
0.098152,0.092421,0.11066,0.084465
0.098007,0.093065,0.11326,0.085278
0.098436,0.094209,0.11057,0.083475
0.09882,0.093797,0.11148,0.083997
0.098975,0.095422,0.11449,0.085566
0.099891,0.09337,0.1094,0.087202
0.097225,0.093245,0.11214,0.084751
0.098585,0.09439,0.11382,0.085254
0.097375,0.092614,0.11053,0.083241
0.097505,0.092712,0.11187,0.086195
0.097258,0.092415,0.11024,0.085881
0.097482,0.092647,0.11167,0.08426
0.099276,0.093998,0.1098,0.084935
0.098204,0.094213,0.1119,0.090101
0.098113,0.093742,0.11443,0.084901
0.097834,0.095313,0.11202,0.087068
0.098558,0.093052,0.11453,0.08546
0.098631,0.093428,0.11175,0.084422
0.097474,0.092994,0.11216,0.085206
0.099657,0.093554,0.11167,0.083892
0.097658,0.091764,0.11113,0.082273
0.097753,0.091861,0.11059,0.081908
0.098374,0.092428,0.11219,0.084801
0.096762,0.092278,0.11113,0.081062
0.097665,0.092703,0.11018,0.080326
0.09947,0.092176,0.11181,0.082268
0.099735,0.094364,0.11261,0.083443
0.097956,0.093364,0.11186,0.081581
0.098547,0.092484,0.11043,0.083082
0.10039,0.09286,0.11162,0.083061
0.10018,0.09351,0.11577,0.084885
0.096873,0.092794,0.11352,0.084195
0.097249,0.09246,0.11318,0.083176
0.096795,0.093969,0.11035,0.081994
0.09755,0.093774,0.11161,0.086169
0.0999,0.092505,0.11163,0.082557
0.097048,0.094315,0.11225,0.085555
0.09816,0.094632,0.11282,0.085774
0.096991,0.093694,0.11061,0.083542
0.09737,0.092218,0.11284,0.084604
0.099059,0.093488,0.11384,0.083904
0.098743,0.094391,0.11296,0.084754
0.09922,0.092958,0.10964,0.085253
0.10084,0.093811,0.11245,0.085348
0.10031,0.094172,0.11147,0.082905
0.099021,0.093217,0.11191,0.083125
0.099463,0.093843,0.11097,0.085235
0.098502,0.092961,0.10973,0.084348
0.09783,0.093236,0.11387,0.085275
0.09966,0.092924,0.11335,0.084523
0.097668,0.092573,0.11166,0.084016
0.097865,0.093236,0.10979,0.084771
0.098674,0.093023,0.11175,0.084099
0.10015,0.09383,0.11217,0.084506
0.099394,0.093487,0.11132,0.084172
0.099682,0.094022,0.11329,0.084742
0.098273,0.093925,0.1149,0.08246
0.098464,0.092864,0.10975,0.082504
0.099807,0.094636,0.11158,0.084938
0.098569,0.090046,0.1092,0.079722
0.099794,0.092068,0.11042,0.079396
0.099713,0.092251,0.11222,0.083352
0.097235,0.092203,0.11377,0.078777
0.099108,0.092253,0.10941,0.081735
0.098699,0.093196,0.11371,0.081983
0.098648,0.092787,0.10976,0.080176
0.10122,0.09367,0.11184,0.08051
0.098079,0.09171,0.1116,0.082591
0.098255,0.093187,0.11332,0.08234
0.09888,0.093264,0.11136,0.083873
0.09768,0.092295,0.11166,0.082158
0.097566,0.093169,0.11152,0.082225
0.098112,0.091983,0.10951,0.080944
0.09838,0.093261,0.11185,0.08068
0.10175,0.093753,0.11358,0.081904
0.099232,0.092515,0.11377,0.079356
0.0969,0.092561,0.11264,0.079897
0.09816,0.091426,0.10874,0.077494
0.098938,0.093136,0.10927,0.083868
0.096081,0.092569,0.1111,0.082176
0.095477,0.093658,0.11333,0.082417
0.099803,0.094554,0.10917,0.082751
0.098938,0.093545,0.11292,0.10405
0.098417,0.093367,0.11177,0.081128
0.098696,0.09361,0.11293,0.084058
0.099369,0.094254,0.11464,0.083066
0.095942,0.093954,0.1091,0.082106
0.098738,0.094358,0.11115,0.083937
0.09678,0.094175,0.11125,0.082197
0.097649,0.093283,0.1126,0.083083
0.098499,0.095251,0.1144,0.081505
0.09977,0.094223,0.1124,0.083823
0.098603,0.093248,0.11121,0.082008
0.097589,0.093453,0.11125,0.080906
0.099677,0.093728,0.11402,0.082001
0.097507,0.094471,0.11362,0.081108
0.097727,0.093862,0.11351,0.080043
0.097389,0.094086,0.11077,0.079867
0.096603,0.093519,0.10953,0.081283
0.096862,0.093138,0.11329,0.081946
0.0994,0.094872,0.11073,0.083259
0.097306,0.094336,0.11214,0.082639
0.098326,0.091907,0.11298,0.081623
0.096657,0.093285,0.11091,0.083527
0.098138,0.094438,0.11026,0.082587
0.096648,0.092347,0.11347,0.08221
0.1007,0.094745,0.11271,0.083385
0.098943,0.092845,0.11359,0.083388
0.098594,0.093336,0.11002,0.081738
0.098769,0.092279,0.11064,0.081041
0.1004,0.095151,0.11163,0.082179
0.095775,0.09185,0.11382,0.079516
0.097906,0.093592,0.11077,0.081287
0.097439,0.093896,0.11332,0.081819
0.098048,0.093414,0.1153,0.079748
0.099045,0.092544,0.11676,0.077528
0.099508,0.094083,0.11196,0.080084
0.098622,0.092927,0.11709,0.081112
0.09893,0.092693,0.11213,0.079932
0.099288,0.092941,0.11572,0.081296
0.099451,0.091544,0.11147,0.081483
0.10043,0.092328,0.11357,0.080013
0.10075,0.091808,0.11201,0.08014
0.099226,0.092915,0.11478,0.078727
0.1006,0.092102,0.1152,0.078669
0.1003,0.093292,0.11179,0.080992
0.097582,0.092276,0.11428,0.07954
0.10017,0.093116,0.11284,0.079819
0.098865,0.093407,0.11182,0.079232
0.10035,0.0928,0.1134,0.081322
0.09927,0.094203,0.11301,0.080391
0.098453,0.092397,0.11133,0.08038
0.097981,0.092424,0.11321,0.080099
0.097313,0.090787,0.11038,0.080453
0.098295,0.094517,0.11013,0.080944
0.096193,0.092744,0.10907,0.079997
0.097904,0.093056,0.11128,0.08269
0.096882,0.09266,0.11128,0.080185
0.096978,0.094453,0.11179,0.082541
0.099292,0.093911,0.11066,0.082478
0.098652,0.093388,0.11092,0.080982
0.099838,0.09461,0.11271,0.083805
0.096766,0.092048,0.11278,0.081006
0.098587,0.094614,0.11135,0.08085
0.099898,0.094735,0.11107,0.085437
0.098653,0.094506,0.11018,0.083431
0.09839,0.094553,0.11263,0.086789
0.096799,0.093065,0.11312,0.087148
0.097857,0.093483,0.11245,0.085708
0.097248,0.093868,0.11551,0.089217
0.095559,0.0919,0.11165,0.08604
0.097473,0.092983,0.1107,0.088504
0.098327,0.092488,0.11002,0.085862
0.098293,0.092535,0.11115,0.088062
0.097011,0.092353,0.11341,0.088219
0.097409,0.092755,0.11191,0.087332
0.10021,0.093862,0.11296,0.088751
0.097634,0.092391,0.1112,0.08859
0.098533,0.094745,0.115,0.085577
0.09703,0.092422,0.10929,0.087229
0.096249,0.092556,0.11159,0.087233
0.098805,0.093529,0.11193,0.084271
0.097042,0.092972,0.11118,0.088485
0.099304,0.092664,0.11082,0.086575
0.097739,0.092816,0.11153,0.088603
0.09789,0.093612,0.11128,0.084828
0.098779,0.093217,0.1106,0.086881
0.097674,0.092929,0.10978,0.087309
0.09906,0.09459,0.1112,0.086761
0.095905,0.093113,0.11095,0.08579
0.095632,0.092409,0.10953,0.086164
0.097398,0.093766,0.10984,0.090197
0.097669,0.0917,0.11347,0.085558
0.097432,0.091989,0.11398,0.085938
0.098348,0.091869,0.11052,0.084095
0.099183,0.092154,0.11179,0.086422
0.099914,0.09322,0.11402,0.084692
0.10066,0.093354,0.11636,0.084275
0.097939,0.091808,0.11211,0.08632
0.098818,0.09227,0.11503,0.084088
0.099338,0.092553,0.11553,0.085038
0.097251,0.093656,0.10868,0.084235
0.09572,0.093337,0.11035,0.08447
0.097566,0.093179,0.10983,0.085044
0.09663,0.094827,0.11147,0.086925
0.099177,0.09451,0.11453,0.087934
0.096512,0.093252,0.11008,0.086816
0.098632,0.095396,0.11272,0.086565
0.096597,0.093293,0.11378,0.087108
0.097355,0.094211,0.10952,0.085192
0.098404,0.095285,0.11538,0.086378
0.098453,0.093952,0.11212,0.087997
0.098282,0.095016,0.11172,0.087943
0.097788,0.093863,0.11103,0.086554
0.096761,0.094476,0.1107,0.087321
0.096688,0.093431,0.11152,0.087868
0.098984,0.094717,0.11331,0.090707
0.097593,0.092759,0.1144,0.089061
0.097074,0.093179,0.11275,0.088155
0.097833,0.095913,0.11038,0.088684
0.096038,0.09315,0.1125,0.088998
0.09735,0.09447,0.11167,0.089885
0.097391,0.093253,0.11177,0.10178
0.098734,0.095687,0.11435,0.091757
0.096801,0.092406,0.11167,0.087659
0.096921,0.0927,0.11227,0.088352
0.096204,0.094857,0.11358,0.088577
0.094727,0.093909,0.1107,0.086064
0.09602,0.093436,0.11068,0.086437
0.096171,0.094825,0.1133,0.08688
0.096882,0.094617,0.11063,0.088665
0.096027,0.093758,0.11157,0.087576
0.096527,0.093218,0.11285,0.087159
0.096796,0.095132,0.10929,0.091383
0.094951,0.093502,0.11262,0.087037
0.096002,0.094046,0.10971,0.086628
0.096713,0.0937,0.11347,0.089886
0.095789,0.094318,0.11163,0.087979
0.099743,0.09284,0.11479,0.087602
0.099064,0.091463,0.11144,0.086686
0.099924,0.090824,0.11379,0.086277
0.10109,0.091893,0.11365,0.085113
0.10143,0.09241,0.11257,0.08916
0.10123,0.092786,0.11387,0.088198
0.10154,0.093113,0.1152,0.087787
0.10043,0.092731,0.11269,0.090631
0.099799,0.093397,0.11288,0.090183
0.10001,0.090819,0.11454,0.088015
0.099003,0.090499,0.11185,0.08817
0.10043,0.092954,0.11131,0.088778
0.099194,0.090751,0.11405,0.08852
0.10041,0.093252,0.11142,0.086839
0.10118,0.091581,0.11321,0.090081
0.10067,0.092211,0.11566,0.088926
0.09881,0.092543,0.11355,0.089971
0.10111,0.093131,0.11258,0.088811
0.1003,0.093357,0.11442,0.091164
0.10027,0.092934,0.11263,0.088728
0.099822,0.092918,0.11638,0.089819
0.10064,0.092609,0.11331,0.088949
0.10073,0.092394,0.10997,0.090257
0.10065,0.092533,0.11553,0.089474
0.10151,0.094156,0.1164,0.089861
0.10214,0.091993,0.11257,0.088788
0.0995,0.092011,0.11134,0.088027
0.099861,0.092623,0.11637,0.088642
0.099684,0.092251,0.11416,0.089684
0.10015,0.092005,0.11559,0.088214
0.1013,0.093947,0.11504,0.086603
0.10025,0.092229,0.11334,0.088987
0.10031,0.090295,0.11301,0.086297
0.10244,0.09313,0.11266,0.089524
0.098447,0.092852,0.11242,0.087735
0.10197,0.092601,0.1153,0.090247
0.10271,0.094115,0.11279,0.087975
0.10076,0.093107,0.11533,0.089781
0.099748,0.092789,0.11265,0.091143
0.10115,0.092519,0.11468,0.091769
0.098446,0.091609,0.11388,0.088169
0.099404,0.092551,0.11331,0.087419
0.098721,0.091784,0.11147,0.086757
0.09843,0.091938,0.11442,0.089289
0.09933,0.092233,0.11339,0.089296
0.099561,0.091604,0.11324,0.091948
0.10039,0.092681,0.11568,0.089164
0.10061,0.093132,0.11138,0.092217
0.10067,0.092888,0.11794,0.094039
0.097802,0.091868,0.11252,0.09129
0.10091,0.093145,0.1152,0.092231
0.099739,0.093267,0.11202,0.093344
0.10156,0.09273,0.11626,0.094184
0.10046,0.091739,0.11255,0.09453
0.099429,0.091478,0.11427,0.092346
0.10023,0.093669,0.11193,0.092637
0.10168,0.092368,0.11446,0.091194
0.098636,0.090414,0.1126,0.090898
0.099651,0.09214,0.11733,0.09212
0.097226,0.091532,0.11321,0.093674
0.10018,0.09413,0.11408,0.090951
0.10163,0.0934,0.11319,0.094786
0.099121,0.09117,0.11313,0.092488
0.099112,0.091904,0.1132,0.093389
0.10018,0.093678,0.11186,0.090347
0.1018,0.092339,0.11546,0.093694
0.1006,0.091712,0.10916,0.094503
0.10275,0.09416,0.1162,0.09375
0.098199,0.091,0.11401,0.090773
0.10138,0.092211,0.11124,0.090704
0.099162,0.092083,0.11415,0.093674
0.10075,0.093792,0.11621,0.093151
0.10123,0.09196,0.11188,0.092425
0.10017,0.092681,0.11268,0.093838
0.10228,0.093715,0.11552,0.095598
0.10094,0.093012,0.1136,0.09716
0.098701,0.091812,0.11154,0.094395
0.099188,0.091369,0.1162,0.094731
0.10147,0.092787,0.11148,0.094034
0.10086,0.093064,0.11656,0.094479
0.10178,0.094016,0.1114,0.09671
0.10089,0.09223,0.11327,0.092937
0.099282,0.092709,0.11458,0.091659
0.1007,0.091794,0.11493,0.093617
0.10354,0.093711,0.11166,0.095154
0.10129,0.091903,0.11115,0.094698
0.10026,0.092281,0.11304,0.094768
0.10193,0.092928,0.11522,0.095049
0.10241,0.092956,0.11385,0.091868
0.10057,0.092757,0.11225,0.09664
0.1037,0.093669,0.11498,0.096374
0.099054,0.092515,0.11517,0.094684
0.10157,0.092541,0.11424,0.094446
0.10021,0.09363,0.11199,0.095439
0.10055,0.094261,0.11423,0.097258
0.10153,0.094371,0.11374,0.098816
0.10057,0.093551,0.1161,0.096302
0.10141,0.09405,0.11301,0.092911
0.10132,0.093434,0.11533,0.096272
0.10047,0.093538,0.11398,0.095569
0.10126,0.094686,0.11223,0.098051
0.10238,0.093732,0.11585,0.097584
0.10112,0.094528,0.11258,0.10179
0.10145,0.093848,0.11443,0.096571
0.10226,0.093742,0.11321,0.09751
0.10239,0.094075,0.11206,0.10229
0.10185,0.095147,0.11492,0.10336
0.099715,0.093604,0.11305,0.10499
0.10036,0.095189,0.11471,0.10468
0.098847,0.093723,0.11323,0.1078
0.097197,0.093223,0.11421,0.10563
0.099334,0.095359,0.11277,0.10336
0.097598,0.092092,0.11586,0.10746
0.097825,0.093695,0.113,0.10323
0.099345,0.093397,0.11219,0.10775
0.10025,0.093984,0.11157,0.10921
0.09918,0.09279,0.11041,0.10268
0.10105,0.094159,0.11322,0.10691
0.098767,0.093231,0.11483,0.11116
0.10084,0.094046,0.11438,0.10882
0.10144,0.094576,0.1154,0.11096
0.099805,0.094024,0.11575,0.1041
0.098704,0.093303,0.11218,0.10468
0.097968,0.093587,0.11195,0.10821
0.099156,0.094301,0.11432,0.10685
0.10071,0.094258,0.11552,0.10876
0.10039,0.093708,0.11532,0.10677
0.10174,0.094689,0.11538,0.10727
0.099365,0.094057,0.11594,0.10917
0.10202,0.095933,0.11252,0.11138
0.10054,0.094556,0.11407,0.10571
0.10052,0.092936,0.11264,0.10879
0.10059,0.095665,0.11165,0.10852
0.10012,0.095029,0.11748,0.11314
0.099379,0.094335,0.1147,0.11393
0.099463,0.092701,0.1136,0.11368
0.0993,0.094678,0.11645,0.11227
0.10028,0.093119,0.11325,0.1133
0.098546,0.092988,0.11717,0.10933
0.10067,0.093363,0.11401,0.11359
0.10106,0.094973,0.11346,0.11399
0.10017,0.095624,0.11453,0.11034
0.10137,0.09343,0.11314,0.11402
0.097717,0.091885,0.11429,0.11261
0.09916,0.094517,0.11146,0.11091
0.10061,0.094582,0.11425,0.11339
0.099545,0.094379,0.11094,0.11301
0.099267,0.094107,0.11476,0.11269
0.098962,0.093966,0.11249,0.11266
0.099758,0.092674,0.11327,0.12777
0.09949,0.093711,0.11496,0.1159
0.10051,0.093751,0.11759,0.11617
0.098846,0.092758,0.11493,0.11556
0.098936,0.093044,0.11429,0.11388
0.1003,0.093455,0.11725,0.11382
0.10032,0.09319,0.11379,0.11467
0.10126,0.094412,0.1142,0.11456
0.099147,0.095284,0.11575,0.11137
0.099537,0.093704,0.11198,0.11129
0.10109,0.095603,0.11437,0.11377
0.10065,0.094702,0.11496,0.12886
0.098484,0.0935,0.11825,0.12363
0.10009,0.093673,0.11642,0.12873
0.097501,0.093422,0.11341,0.13136
0.098036,0.093102,0.11302,0.12324
0.097706,0.09359,0.11687,0.12471
0.099714,0.095888,0.11557,0.12374
0.099055,0.094021,0.11218,0.12876
0.099197,0.094032,0.11678,0.12114
0.097172,0.094915,0.11139,0.12927
0.099668,0.095206,0.11486,0.12746
0.097716,0.094313,0.11326,0.13839
0.098398,0.094725,0.1172,0.12684
0.097962,0.095267,0.11238,0.13135
0.099191,0.094933,0.11328,0.1399
0.096051,0.093201,0.11674,0.12995
0.098331,0.095019,0.11415,0.13214
0.098911,0.093759,0.11441,0.13655
0.097196,0.093787,0.10744,0.13488
0.098155,0.094558,0.10895,0.13518
0.10089,0.094392,0.10825,0.12967
0.099073,0.092558,0.11083,0.12434
0.10054,0.093433,0.11125,0.12951
0.1012,0.093647,0.11239,0.13079
0.10012,0.093476,0.11547,0.12986
0.098454,0.093955,0.11265,0.13094
0.10099,0.094296,0.11389,0.13654
0.099619,0.095219,0.11355,0.13214
0.098283,0.094249,0.11309,0.13318
0.10028,0.093209,0.10878,0.13501
0.10106,0.093999,0.11397,0.12935
0.10098,0.094201,0.11175,0.134
0.101,0.093498,0.11241,0.13466
0.10079,0.093164,0.11336,0.13078
0.10051,0.094774,0.11163,0.13908
0.099036,0.09328,0.11219,0.13071
0.10164,0.094636,0.11491,0.13524
0.09879,0.093563,0.11187,0.13444
0.10035,0.094005,0.11153,0.13401
0.10171,0.094139,0.1115,0.13609
0.10131,0.093399,0.11171,0.13146
0.10175,0.094916,0.11366,0.13431
0.10026,0.094103,0.11352,0.13357
0.10031,0.092775,0.11211,0.13197
0.099473,0.093026,0.11378,0.13198
0.10032,0.093919,0.11411,0.13203
0.10107,0.095181,0.11464,0.12795
0.10193,0.0954,0.11279,0.13555
0.10057,0.095132,0.11384,0.1296
0.10191,0.094961,0.11235,0.12951
0.1006,0.093753,0.11252,0.13312
0.1021,0.094443,0.11283,0.13695
0.10405,0.096003,0.11298,0.1328
0.10394,0.0974,0.11428,0.1507
0.10299,0.096298,0.1167,0.15322
0.10209,0.095388,0.11557,0.15345
0.10242,0.09558,0.11488,0.15255
0.10245,0.095524,0.11592,0.15262
0.10234,0.095014,0.11537,0.15089
0.10386,0.097537,0.11636,0.15202
0.10242,0.096447,0.11434,0.14829
0.1004,0.094937,0.11461,0.13995
0.10175,0.095871,0.11624,0.14337
0.10278,0.096434,0.11443,0.15243
0.1033,0.094694,0.11427,0.14952
0.10195,0.09519,0.11426,0.14109
0.10147,0.094977,0.11212,0.14713
0.10108,0.096082,0.11259,0.14158
0.10234,0.096036,0.11205,0.15432
0.10107,0.094064,0.11377,0.14996
0.1018,0.095928,0.11497,0.15007
0.10163,0.096053,0.11554,0.15114
0.10448,0.09685,0.11683,0.15395
0.1047,0.097148,0.11643,0.1465
0.10419,0.095781,0.1167,0.15438
0.10244,0.095889,0.11361,0.14986
0.10401,0.096521,0.11405,0.15587
0.10295,0.095703,0.11672,0.15173
0.10279,0.096084,0.11437,0.15277
0.10303,0.098261,0.11608,0.1627
0.1029,0.096168,0.11323,0.1591
0.1028,0.097283,0.11676,0.1766
0.1022,0.096346,0.11662,0.16278
0.10293,0.096721,0.11417,0.15932
0.10227,0.096873,0.11217,0.15714
0.1041,0.098767,0.11741,0.1827
0.10236,0.097217,0.11,0.16286
0.10152,0.096062,0.1169,0.1776
0.10115,0.096679,0.11379,0.15308
0.10218,0.097701,0.11708,0.15346
0.10266,0.097578,0.11578,0.15321
0.10585,0.10045,0.11361,0.1618
0.10183,0.09978,0.11774,0.16474
0.10333,0.096776,0.11165,0.15257
0.1026,0.098834,0.1169,0.15492
0.10196,0.097668,0.11271,0.154
0.1028,0.097646,0.11782,0.1522
0.10166,0.098667,0.11333,0.15386
0.10363,0.098293,0.11523,0.15941
0.10343,0.097557,0.11724,0.15184
0.10345,0.099267,0.11264,0.16201
0.1005,0.096274,0.11586,0.17268
0.10136,0.097961,0.11683,0.15899
0.10524,0.098344,0.11406,0.16187
0.10341,0.098961,0.11592,0.15447
0.10377,0.097575,0.11414,0.16165
0.10267,0.097719,0.11523,0.15063
0.10355,0.097594,0.11392,0.1745
0.10362,0.099074,0.11622,0.15754
0.10393,0.098175,0.11496,0.156
0.10162,0.097546,0.11369,0.15032
0.10527,0.098335,0.1171,0.15008
0.10418,0.10082,0.1153,0.15269
0.10328,0.097414,0.11243,0.15354
0.10465,0.098714,0.11714,0.14861
0.10356,0.09875,0.11661,0.1509
0.10214,0.098216,0.11438,0.14945
0.10201,0.097761,0.1143,0.14624
0.10548,0.098048,0.11381,0.15508
0.10345,0.099018,0.11495,0.15246
0.10398,0.098501,0.11603,0.14011
0.10331,0.09827,0.11657,0.1443
0.1047,0.10067,0.11568,0.15404
0.10392,0.096926,0.11508,0.14686
0.1051,0.096896,0.11532,0.13915
0.10471,0.098387,0.11639,0.13789
0.10428,0.096668,0.11676,0.14263
0.1042,0.09739,0.1198,0.15883
0.10443,0.096789,0.11799,0.15509
0.10426,0.099196,0.1159,0.14994
0.10306,0.097537,0.11526,0.14593
0.1033,0.099847,0.11619,0.14421
0.1042,0.1005,0.11842,0.1516
0.1059,0.10075,0.1193,0.151
0.10315,0.098709,0.11518,0.15302
0.10345,0.099185,0.11835,0.14768
0.10417,0.10085,0.11758,0.15045
0.103,0.10036,0.12025,0.15214
0.10608,0.10103,0.11704,0.15615
0.1042,0.10116,0.11703,0.15292
0.10502,0.10103,0.11676,0.15547
0.10496,0.10206,0.11717,0.15752
0.10479,0.10121,0.12015,0.14764
0.10297,0.10168,0.11656,0.14752
0.10348,0.10085,0.11979,0.15048
0.1038,0.10107,0.11802,0.15549
0.10289,0.10118,0.11767,0.15176
0.10718,0.10111,0.12013,0.15362
0.10254,0.09991,0.1168,0.15191
0.10335,0.10132,0.11813,0.14375
0.10373,0.10122,0.1164,0.14781
0.10333,0.09966,0.11642,0.14581
0.10341,0.098879,0.12072,0.14407
0.1045,0.10213,0.11745,0.14627
0.10466,0.10231,0.1194,0.1424
0.10307,0.098498,0.11797,0.1493
0.10374,0.10126,0.12036,0.1437
0.10177,0.10053,0.11822,0.14377
0.10426,0.10133,0.12181,0.14495
0.10439,0.10091,0.11794,0.14443
0.10171,0.099535,0.12146,0.14102
0.10391,0.1025,0.11915,0.14563
0.10394,0.10024,0.11993,0.13923
0.10256,0.098454,0.12064,0.14047
0.10142,0.099365,0.11511,0.1351
0.10477,0.10142,0.12188,0.14057
0.10082,0.10037,0.11879,0.14212
0.10336,0.099063,0.12009,0.13713
0.10288,0.099534,0.12057,0.13392
0.10359,0.09943,0.11553,0.13548
0.10123,0.097911,0.12237,0.13198
0.10421,0.099689,0.11676,0.13416
0.1008,0.098903,0.1163,0.1344
0.10269,0.0984,0.11539,0.13555
0.10397,0.1004,0.11881,0.13474
0.10202,0.099177,0.11892,0.13426
0.10176,0.09946,0.12428,0.1348
0.10245,0.098175,0.12232,0.13869
0.10218,0.099971,0.12412,0.13478
0.10135,0.098524,0.12225,0.13763
0.10173,0.099661,0.12586,0.13608
0.10195,0.098588,0.12061,0.13443
0.10388,0.099645,0.12184,0.13682
0.10336,0.10066,0.11867,0.13732
0.10399,0.099411,0.1201,0.13662
0.10251,0.097573,0.12287,0.13213
0.10082,0.099682,0.12053,0.13719
0.1009,0.098526,0.11682,0.13966
0.10024,0.097571,0.11589,0.13268
0.10222,0.098488,0.11848,0.13959
0.10094,0.098214,0.11872,0.1406
0.10058,0.09946,0.12071,0.14307
0.10058,0.099005,0.12501,0.14207
0.1005,0.099266,0.11966,0.13799
0.10282,0.10117,0.12453,0.14072
0.10113,0.10105,0.12633,0.1475
0.10136,0.098631,0.13104,0.13921
0.10168,0.10141,0.12738,0.14726
0.10229,0.10077,0.12063,0.14252
0.10057,0.1001,0.12631,0.14382
0.10104,0.10081,0.11856,0.14458
0.10343,0.1003,0.12448,0.14478
0.10266,0.099994,0.11614,0.14609
0.10121,0.099924,0.12104,0.14351
0.10171,0.10146,0.11942,0.14218
0.10064,0.10073,0.12498,0.14197
0.10243,0.10163,0.12624,0.14339
0.10262,0.10109,0.11812,0.14551
0.10347,0.10078,0.12647,0.14643
0.10137,0.10072,0.12236,0.14231
0.10026,0.099555,0.11821,0.14968
0.10115,0.10058,0.12222,0.14695
0.10233,0.098397,0.1266,0.14454
0.1016,0.099817,0.12492,0.14389
0.10352,0.09981,0.12217,0.14266
0.10074,0.099222,0.11977,0.145
0.10138,0.099538,0.12323,0.14479
0.10121,0.10025,0.12669,0.15066
0.10297,0.099695,0.12927,0.14638
0.10073,0.10037,0.12408,0.14712
0.10141,0.099515,0.12385,0.14502
0.10307,0.099377,0.12335,0.14334
0.10036,0.099959,0.12259,0.14431
0.1021,0.098886,0.11969,0.14713
0.10316,0.099752,0.12607,0.14128
0.10206,0.10021,0.12297,0.14423
0.10131,0.098916,0.12364,0.14938
0.10061,0.10002,0.13004,0.14597
0.099555,0.098848,0.12492,0.14878
0.10134,0.10063,0.11994,0.14712
0.10082,0.098461,0.12358,0.14563
0.10242,0.10031,0.12111,0.15065
0.10156,0.098857,0.12797,0.14523
0.10069,0.10024,0.12505,0.14896
0.10113,0.099302,0.12664,0.14444
0.10129,0.10078,0.1194,0.14785
0.10136,0.10044,0.12492,0.14765
0.10192,0.099044,0.13014,0.14469
0.10127,0.099678,0.13201,0.1395
0.10136,0.098757,0.12912,0.13816
0.09922,0.09833,0.12054,0.13864
0.10174,0.097147,0.129,0.14232
0.10117,0.09901,0.13469,0.14349
0.099801,0.097019,0.12131,0.14095
0.10188,0.098063,0.12348,0.14434
0.1009,0.096961,0.12943,0.14358
0.10298,0.099301,0.12105,0.14735
0.10116,0.098333,0.12771,0.14169
0.09757,0.095839,0.12523,0.13478
0.099226,0.096873,0.12619,0.13818
0.10018,0.096458,0.12724,0.13868
0.099303,0.097298,0.12163,0.14032
0.10111,0.097474,0.1207,0.14298
0.10396,0.097825,0.12669,0.14704
0.10098,0.098714,0.12595,0.14829
0.1002,0.097724,0.12421,0.14422
0.1019,0.098899,0.12136,0.14693
0.10155,0.09926,0.12297,0.1442
0.099299,0.097204,0.1266,0.14551
0.10031,0.099268,0.12744,0.14496
0.10175,0.099217,0.12713,0.14374
0.101,0.097551,0.12402,0.14151
0.10114,0.098498,0.12501,0.14088
0.10103,0.09939,0.11817,0.14605
0.10084,0.097914,0.12152,0.14288
0.099976,0.097721,0.11947,0.14038
0.1001,0.099051,0.11816,0.14519
0.10225,0.098947,0.12214,0.14171
0.10111,0.09786,0.12238,0.14703
0.099886,0.097676,0.12348,0.14172
0.10212,0.097371,0.12125,0.14695
0.10211,0.09889,0.11992,0.14714
0.1018,0.097769,0.12209,0.14329
0.10008,0.098034,0.12424,0.14576
0.099126,0.096922,0.12257,0.14631
0.10333,0.099283,0.12156,0.14123
0.1009,0.097514,0.12077,0.14441
0.10187,0.098153,0.12483,0.14663
0.10142,0.098238,0.12314,0.14111
0.10052,0.097645,0.12065,0.14266
0.10124,0.099151,0.12401,0.1461
0.10159,0.096987,0.12317,0.14265
0.1014,0.097514,0.12752,0.14879
0.10152,0.097891,0.11796,0.14228
0.10129,0.098638,0.11986,0.13826
0.10452,0.098718,0.12509,0.14689
0.10114,0.098853,0.1255,0.14219
0.10128,0.097603,0.12176,0.13924
0.10152,0.098167,0.12047,0.14259
0.099211,0.098484,0.12034,0.14337
0.10086,0.099574,0.11833,0.14114
0.1021,0.097647,0.11879,0.13947
0.10109,0.097558,0.11979,0.14175
0.10232,0.099477,0.11992,0.13629
0.10182,0.099686,0.1205,0.14052
0.10267,0.099995,0.12054,0.13531
0.10143,0.09814,0.11718,0.1378
0.10163,0.097382,0.1209,0.13621
0.10131,0.098255,0.12084,0.14239
0.10325,0.097274,0.12241,0.13725
0.10221,0.098982,0.12152,0.14018
0.10279,0.096916,0.12234,0.13221
0.10094,0.095765,0.11859,0.13167
0.10232,0.098598,0.11804,0.13146
0.10176,0.098753,0.11982,0.13302
0.1009,0.096755,0.11899,0.1324
0.10191,0.096789,0.12408,0.13286
0.1023,0.097164,0.12016,0.13143
0.1018,0.096733,0.12078,0.13354
0.10115,0.097979,0.12419,0.13288
0.10237,0.097921,0.12793,0.13007
0.10188,0.097671,0.12206,0.12925
0.10135,0.097164,0.1204,0.13008
0.10198,0.096933,0.12765,0.12862
0.10359,0.097526,0.12091,0.13416
0.10341,0.096834,0.12184,0.12756
0.10279,0.097372,0.12485,0.1256
0.10242,0.099267,0.12658,0.12569
0.103,0.097534,0.1284,0.13071
0.10162,0.097628,0.1258,0.12866
0.10149,0.097798,0.13276,0.12745
0.10177,0.097141,0.13108,0.12349
0.10405,0.098015,0.13048,0.12526
0.10292,0.096414,0.12666,0.12398
0.10132,0.097643,0.12177,0.12461
0.10046,0.096416,0.12557,0.12557
0.099928,0.096452,0.12641,0.12396
0.1023,0.096608,0.1223,0.12429
0.10272,0.097653,0.13184,0.12126
0.10066,0.095488,0.12145,0.11929
0.10041,0.09562,0.12695,0.1225
0.1021,0.096296,0.1226,0.12277
0.10123,0.097817,0.13528,0.12457
0.10362,0.096965,0.12738,0.12584
0.10151,0.097922,0.12195,0.12446
0.10199,0.096606,0.13133,0.12341
0.10079,0.096534,0.1341,0.12503
0.10056,0.096159,0.12675,0.11837
0.10211,0.0959,0.12702,0.11977
0.10014,0.09774,0.13334,0.121
0.10157,0.096486,0.13467,0.11963
0.1028,0.096195,0.13371,0.12025
0.10161,0.097738,0.1362,0.1213
0.10315,0.09629,0.14445,0.11992
0.10227,0.097136,0.13539,0.11917
0.10089,0.097137,0.13581,0.12157
0.1026,0.097295,0.13537,0.12182
0.10219,0.096359,0.14389,0.12233
0.10206,0.096921,0.14461,0.12402
0.10206,0.096499,0.13607,0.1199
0.1035,0.098031,0.13245,0.12584
0.10198,0.096382,0.13486,0.12502
0.10205,0.097051,0.14183,0.12526
0.10202,0.095588,0.13347,0.12303
0.10302,0.098413,0.14933,0.12388
0.10303,0.096938,0.13824,0.1245
0.10018,0.096306,0.13505,0.12575
0.10271,0.096991,0.13688,0.12694
0.10064,0.096463,0.13568,0.12415
0.10263,0.097394,0.14469,0.12379
0.10182,0.09643,0.13173,0.12658
0.10288,0.098297,0.14152,0.12582
0.1019,0.097471,0.14378,0.12611
0.10389,0.097032,0.13756,0.1229
0.10319,0.097348,0.14156,0.12524
0.1034,0.09801,0.14495,0.12604
0.10167,0.097183,0.13222,0.12516
0.1013,0.097203,0.13333,0.12284
0.10199,0.096854,0.1401,0.12597
0.1004,0.098012,0.13623,0.12912
0.10113,0.097498,0.14097,0.12739
0.1029,0.096601,0.14128,0.12338
0.10437,0.09658,0.14001,0.12916
0.10389,0.099193,0.13478,0.12828
0.10201,0.095505,0.13089,0.12711
0.10393,0.096511,0.13251,0.12611
0.10369,0.096257,0.13419,0.12496
0.10355,0.09791,0.14165,0.12493
0.10312,0.097055,0.13828,0.12591
0.10237,0.098452,0.13412,0.12242
0.10348,0.097138,0.13441,0.12293
0.10064,0.096705,0.13207,0.12275
0.10283,0.097188,0.1427,0.12626
0.10206,0.098016,0.13348,0.12801
0.10506,0.10049,0.1444,0.12993
0.10311,0.099537,0.13897,0.12839
0.10278,0.098306,0.14366,0.12907
0.10413,0.098195,0.1359,0.12986
0.10572,0.10013,0.15315,0.12865
0.1051,0.10215,0.14222,0.13074
0.10392,0.10064,0.13833,0.12898
0.1027,0.098662,0.14401,0.12569
0.10254,0.099329,0.14915,0.12652
0.10417,0.099314,0.13902,0.12928
0.10266,0.099748,0.14051,0.13179
0.10289,0.098247,0.14899,0.13139
0.10204,0.098684,0.14604,0.13052
0.10045,0.09865,0.14495,0.13006
0.10287,0.09808,0.13601,0.12832
0.1035,0.099767,0.13519,0.12692
0.1016,0.099878,0.14075,0.13005
0.10405,0.098577,0.1346,0.1322
0.10418,0.10096,0.13542,0.13127
0.10376,0.098923,0.13795,0.13253
0.10389,0.10004,0.14091,0.12733
0.10511,0.1008,0.1343,0.13219
0.10181,0.099191,0.13487,0.13425
0.103,0.10023,0.13627,0.13256
0.10258,0.099712,0.13617,0.12594
0.10303,0.10042,0.14355,0.13493
0.10327,0.10198,0.14204,0.13362
0.10316,0.10091,0.14404,0.12879
0.10304,0.10094,0.14503,0.1308
0.10392,0.10027,0.13894,0.13156
0.10247,0.099405,0.14919,0.12638
0.10393,0.10099,0.14378,0.12672
0.10147,0.10116,0.13897,0.12839
0.10174,0.097355,0.14128,0.12341
0.10308,0.098777,0.14626,0.12861
0.10025,0.09774,0.13848,0.12519
0.10038,0.099337,0.14171,0.12418
0.10201,0.099874,0.1399,0.12624
0.10197,0.099066,0.13575,0.124
0.10127,0.099705,0.1384,0.12571
0.10203,0.10114,0.13365,0.12973
0.10233,0.10195,0.13674,0.12665
0.10343,0.10026,0.13615,0.12759
0.10373,0.10081,0.14064,0.13188
0.10236,0.10272,0.13715,0.13226
0.10158,0.10083,0.13767,0.13024
0.10119,0.10188,0.14225,0.13153
0.10206,0.10187,0.13334,0.13231
0.10205,0.10084,0.13714,0.13124
0.10297,0.10148,0.13724,0.12996
0.10246,0.10137,0.13514,0.13184
0.10125,0.10108,0.13991,0.1302
0.1017,0.10151,0.13158,0.13299
0.10286,0.10154,0.13471,0.13274
0.10256,0.10031,0.1328,0.13015
0.10147,0.10123,0.13182,0.12927
0.10372,0.10112,0.13164,0.13158
0.10192,0.099663,0.13273,0.1298
0.10512,0.10226,0.13287,0.13587
0.10279,0.10145,0.1347,0.13395
0.10285,0.10163,0.13899,0.13724
0.1028,0.10195,0.13734,0.13187
0.10224,0.10237,0.13872,0.13669
0.10356,0.10386,0.13642,0.13672
0.10143,0.10283,0.14125,0.13893
0.10326,0.10269,0.13844,0.14036
0.10331,0.10384,0.13826,0.13952
0.10229,0.10496,0.13701,0.13998
0.10768,0.10931,0.17913,0.14772
0.10887,0.11146,0.1826,0.14939
0.10864,0.11431,0.18185,0.152
0.10958,0.1152,0.18447,0.15036
0.11016,0.11923,0.19433,0.15515
0.11026,0.11884,0.19671,0.15225
0.10957,0.11984,0.19964,0.15974
0.11171,0.12137,0.20241,0.15496
0.10998,0.12395,0.20554,0.15982
0.11073,0.12466,0.2077,0.16192
0.11007,0.12509,0.21353,0.16261
0.11281,0.12465,0.2113,0.15887
0.11446,0.12686,0.20842,0.15967
0.1145,0.13159,0.2158,0.16466
0.11635,0.13242,0.22079,0.16518
0.11526,0.13288,0.23284,0.15924
0.11712,0.13193,0.23061,0.16228
0.11769,0.13335,0.24018,0.15974
0.11839,0.13335,0.23866,0.16002
0.11757,0.13343,0.23846,0.15804
0.11895,0.13719,0.2412,0.16353
0.11944,0.13813,0.23091,0.16311
0.11855,0.13557,0.23914,0.15954
0.11794,0.1376,0.24345,0.15875
0.1207,0.14004,0.24652,0.16052
0.11856,0.13813,0.2339,0.15919
0.12039,0.14028,0.25541,0.16602
0.12167,0.1434,0.25091,0.17073
0.12118,0.14314,0.25224,0.16966
0.12191,0.14514,0.25544,0.17007
0.12024,0.14474,0.24975,0.17367
0.1198,0.14568,0.25331,0.16898
0.12094,0.14696,0.25024,0.17306
0.12975,0.1645,0.4831,0.19111
0.12837,0.17099,0.52062,0.20439
0.1269,0.15758,0.45976,0.18676
0.12891,0.17618,0.62846,0.19793
0.21857,0.21327,0.23301,0.2106
